0.036303315, -0.025444489, 0.13695003
 0.081460364, 0.023598613, -0.21411592
 -0.0047174883, 0.0010414781, 0.022072077
 0.056687508, 0.037756119, -0.20834152
 0.027302643, -0.0090352474, 0.2107235
 0.037638824, 0.038074624, -0.17943946
 0.010529, -0.0071809539, 0.15960352
 0.059052553, 0.050017964, -0.22544076
 -0.0069561573, 0.0048117875, 0.010093836
 0.055839393, 0.054555468, -0.22455864
 0.077083729, 0.08781337, -0.2734054
 0.019160269, 0.011671038, 0.25764298
 0.071204051, -0.0047632772, -0.13187267
 -0.014015391, 0.006147055, 0.075285502
 0.075264432, 0.019301558, -0.20014173
 0.023610072, 0.0039454056, 0.24605857
 0.068766564, -0.0020378202, -0.13963942
 0.097118445, 0.01211857, -0.19632474
 0.001433645, 0.17722577, -0.1105331
 0.0021002716, 0.0032391937, 0.18120766
 -0.011241754, 0.011672578, 0.16303924
 0.016637767, -0.01227941, 0.15287802
 0.044647753, -0.029945455, 0.12751371
 0.038385577, -0.02219286, 0.17667949
 0.065250583, 0.097288296, -0.25585803
 0.022332089, -0.018353136, 0.13067628
 0.037912503, -0.021995666, 0.17619799
 -0.0029087132, 0.014272061, 0.20803198
 0.023945665, 0.14752576, -0.1691554
 0.019006493, 0.0063920873, 0.24268357
 0.040065367, 0.029493883, -0.17249277
 0.069383554, 0.022876449, -0.20195273
 0.043230426, 0.029781116, -0.17785925
 0.047301028, 0.023553979, -0.17507471
 0.020646235, -0.017806996, 0.12657294
 0.053236149, 0.0071256631, -0.14812428
 0.060005743, 0.068926491, -0.24026032
 0.096663997, 0.019540235, -0.21391135
 -0.018105067, 0.011633664, 0.116994
 -0.012944696, 0.0073263468, 0.03681748
 0.0061865975, -0.0046746791, -0.0025691499
 0.057444531, -0.003608518, -0.12381403
 0.018790558, -0.0016438937, 0.21520646
 0.077011682, 0.026680861, -0.21629164
 -0.018729914, 0.011054032, 0.094750047
 0.063038014, 0.087294944, -0.25162986
 0.080729075, 0.059407059, -0.2628794
 -0.0041729752, 0.0076796934, 0.17665514
 0.040150631, 0.047381435, -0.19318449
 0.033354823, -0.021347363, 0.16226594
 0.013729106, 0.011803011, 0.24584791
 0.052042205, 0.046430644, -0.21146156
 0.10360616, 0.062614344, -0.28945777
 0.1066144, 0.020721503, -0.21959001
 0.032408517, -0.013164461, 0.20743133
 0.058839325, 0.018850831, -0.18218982
 -0.020100011, 0.012782438, 0.10385683
 0.10688727, 0.062075816, -0.29204667
 0.12006751, 0.02469882, -0.23124707
 -0.051444057, 0.1564672, 0.0065589915
 0.020568024, -0.0067431075, 0.19978531
 0.035892583, 0.12606412, -0.19986472
 -0.069385439, 0.087837487, 0.15612328
 0.10118181, 0.019090595, -0.2137116
 -0.021565309, 0.027544137, 0.1899289
 0.033778384, 0.13858727, -0.19205326
 -0.077727452, 0.11137403, 0.13036604
 0.12075067, 0.02344376, -0.22664233
 0.074341118, 0.051343065, -0.24768995
 -0.082416974, 0.13955782, 0.11428946
 0.0054614022, 0.0006440315, -0.027519405
 0.083160616, 0.017369784, -0.20182593
 0.07620728, 0.0012427421, -0.15483531
 -0.046646617, 0.077236906, 0.25169972
 0.090955339, 0.086945534, -0.29293174
 0.096249968, 0.086143345, -0.29940647
 -0.090384215, 0.18334348, 0.3399308
 0.034539983, 0.13865593, -0.19368133
 -0.085139006, 0.17103648, 0.10762914
 0.1286194, 0.02045111, -0.21732114
 -0.032882676, 0.064479254, 0.2605674
 0.0922077, 0.0067568468, -0.17563833
 0.10161952, 0.0074630473, -0.18244673
 0.077202216, 0.078875504, -0.27026618
 -0.012773564, 0.0076035503, 0.12454366
 -0.091015875, 0.1416475, 0.23984417
 -0.069709554, 0.096859396, 0.21097617
 0.023753244, -0.0033255583, -0.067624189
 -0.0033636738, 0.010102525, 0.19157675
 -0.08651641, 0.1345963, 0.1451311
 -0.079063535, 0.10875863, 0.16389398
 -0.067584313, 0.088829063, 0.19377759
 -0.1106982, 0.19094636, 0.20891312
 -0.10663906, 0.17670882, 0.21429612
 0.092083663, 0.061824664, -0.27739802
 -0.11347369, 0.19681486, 0.29120764
 -0.1191756, 0.20495953, 0.25012377
 -0.035613853, 0.076705374, 0.27865657
 -0.080542393, 0.11238115, 0.17066979
 -0.10199159, 0.16332519, 0.22109057
 0.09840484, 0.02564235, -0.22976254
 -0.096585371, 0.15124653, 0.23069443
 0.070527889, 0.083950803, -0.26187733
 -0.1168962, 0.22012548, 0.20275468
 -0.071370512, 0.21186057, 0.066114426
 -0.075064197, 0.12415604, 0.26852083
 0.12400053, 0.092119828, -0.33465219
 -0.042574968, 0.073655114, 0.25526494
 -0.074425064, 0.12420075, 0.27117401
 0.11959706, 0.073468454, -0.3136481
 -0.049055763, 0.073397808, 0.23399603
 -0.069996193, 0.19532175, 0.060672898
 -0.04057724, 0.071105637, 0.25502181
 -0.082270093, 0.11615685, 0.17882271
 -0.07479614, 0.12489115, 0.27141461
 0.07575842, 0.0019574494, -0.15690443
 -0.11371234, 0.20416176, 0.20583443
 -0.13628298, 0.24491534, 0.27301985
 -0.089945927, 0.14112711, 0.15868407
 0.014415531, 0.15306614, -0.14736946
 0.033246536, -0.0085698627, -0.068847351
 0.036274768, -0.003111118, -0.09522257
 -0.055417437, 0.10612777, 0.28885138
 -0.11739583, 0.20050339, 0.2406532
 -0.13620612, 0.26190194, 0.24162197
 -0.11638571, 0.20734192, 0.30665433
 -0.083513469, 0.13210762, 0.25407249
 -0.026021944, 0.029353499, 0.17853886
 0.085295938, 0.013382361, -0.19377626
 -0.051608305, 0.16663641, 0.0084151253
 -0.093737505, 0.2180583, 0.12589636
 0.030181285, -0.008054425, -0.064349823
 0.12930934, 0.080671653, -0.3291513
 -0.14066444, 0.25642955, 0.33336034
 -0.13957909, 0.25377646, 0.32994089
 -0.054149572, 0.072972462, 0.21199055
 -0.084064499, 0.21926075, 0.39993498
 0.015421138, -0.0015557215, -0.051718459
 -0.094295062, 0.19661708, 0.13128324
 0.10410481, 0.0099401316, -0.18971308
 -0.064052701, 0.082568973, 0.1907988
 -0.066923767, 0.21298428, 0.055354703
 0.086404651, 0.054062366, -0.26359993
 -0.06035126, 0.14130934, 0.33737975
 -0.07145796, 0.1823153, 0.063482843
 -0.025761414, 0.055731442, 0.25951877
 0.030285556, 0.053941503, -0.17995311
 -0.079655074, 0.12916949, 0.26353043
 -0.1087389, 0.22952172, 0.37375632
 -0.029981418, 0.078236282, 0.29461932
 -0.083010793, 0.22412734, 0.096638545
 -0.021267872, 0.23118883, 0.47690487
 0.047959637, -0.028842414, 0.16327222
 -0.10541053, 0.20839752, 0.16539881
 0.076762363, 0.030128729, -0.22243822
 -0.025566366, 0.058141682, 0.26552519
 -0.043608453, 0.17042354, 0.39724508
 -0.023877993, 0.054170504, 0.26069498
 -0.083207905, 0.12430655, 0.14258875
 -0.025045142, 0.022233551, 0.1439473
 0.063925855, 0.010948189, -0.17163314
 -0.018310787, 0.010711013, 0.066037282
 -0.040362131, 0.097718783, 0.30758482
 -0.049973287, 0.065446667, 0.20686556
 0.14609212, 0.079493783, -0.33449605
 -0.087954633, 0.21247199, 0.10952941
 0.019482438, -0.0036718089, -0.053026523