-0.020224104, 0.038491931, -0.051482301;
 -0.12930229, -0.19552936, 0.33744091;
 -0.15206976, -0.20193055, 0.3470318;
 -0.028411042, -0.14743513, 0.32056919;
 -0.086390875, -0.17978877, 0.32781184;
 0.0007874266, -0.003603121, 0.0037236304;
 0.00034574216, 0.010787625, 0.0047362749;
 -0.018075166, 0.044460829, -0.038937394;
 0.00042010832, -0.021970809, 0.0028923559;
 -0.002288287, 0.0479955, 0.012220972;
 -0.021215757, -0.10440134, 0.14489073;
 -0.0155517, 0.0092484755, -0.066942967;
 -0.15545583, -0.21842931, 0.39347175;
 -0.013720118, 0.038633123, -0.031060407;
 -0.017154509, -0.13935798, 0.31981081;
 -0.19523178, -0.20890519, 0.36597404;
 0.060643792, -0.043985277, 0.29190338;
 -0.017203068, -0.10666173, -0.00037035436;
 -

 -0.019462561, -0.10056967, 0.087590985;
 -0.059936374, -0.14583857, 0.21201061;
 -0.015753994, -0.10086279, 0.0086594503;
 0.041376524, -0.046207421, 0.24898477;
 -0.039234448, -0.14604938, 0.015256476;
 -0.012330064, 0.0051924745, -0.058029182;
 -0.22891234, -0.21132283, 0.38621455;
 0.02265168, -0.092360526, 0.29185709;
 -0.056412883, -0.14204223, 0.15479453;
 -0.061626364, -0.1508546, 0.24824795;
 -0.038563009, -0.14665313, 0.011151433;
 -0.011711197, 0.084873945, 0.010888922;
 -0.0033604009, -0.057234202, 0.0080479905;
 0.068763755, -0.003999324, 0.25955927;
 -0.082065918, -0.16064249, 0.22099309;
 -0.22594604, -0.20977694, 0.37868673;
 -0.026348598, 0.066355668, -0.039448313;
 0.051157083, 0.1205932, 0.15747119;
 0.007254668, -0.10877404, 0.29314736;
 -0.055609066, -0.16596465, 0.025365274;
 -0.012825293, -0.003706028, -0.069684193;
 -0.0033226977, -0.07482101, 0.12469986;
 0.0024119494, -0.049486462, 0.067777261;
 -0.013414409, 0.019543407, -0.048002545;
 -0.22612107, -0.19686599, 0.31934392;
 -0.020922048, -0.10879079, 0.031292643;
 0.0095849903, -0.1479324, 0.37504825;
 0.0074404348, -0.024662588, 0.058194704;
 0.007822399, -0.15106313, 0.38294187;
 -0.15638925, -0.19323501, 0.30202878;
 -0.062864788, -0.15297739, 0.25710624;
 0.0026086187, 0.0037746879, 0.014287975;
 -0.023833618, -0.13593519, 0.29572555;
 -0.021069665, -0.11387526, 0.0086860033;
 -0.018400481, -0.12979664, 0.28934887;
 0.0022767943, 0.017802482, 0.01549801;
 -0.030622054, -0.12084293, 0.20467575;
 -0.014117457, -0.10653177, -0.028297307;
 0.065443099, -0.024745042, 0.2758905;
 0.0036907557, -0.097505607, 0.25324085;
 -0.19659002, -0.20637755, 0.35718533;
 0.0064347885, -0.14462693, 0.36909473;
 0.013433244, -0.029835023, 0.10611991;
 -0.022454247, 0.051813588, -0.043960094;
 -0.011801111, -0.12717775, 0.29671168;
 -0.012477452, -0.093365498, -0.0018437491;
 -0.21179928, -0.19511825, 0.2555486;
 -0.092522182, -0.17290178, 0.12991084;
 -0.20340902, -0.19503653, 0.25083965;
 -0.096403517, -0.17880905, 0.30857337;
 -0.18068151, -0.20398855, 0.3476671;
 -0.12201044, -0.19608694, 0.27477127;
 -0.0062661348, 0.06384334, 0.010078684;
 0.018376665, -0.09413445, 0.2851187;
 -0.17364156, -0.20053478, 0.33348298;
 -0.16456379, -0.21542318, 0.38593394;
 -0.0071764397, -0.098410293, 0.21431522;
 -0.028980924, -0.13856979, 0.29223731;
 -0.022963582, -0.14090778, 0.31189501;
 -0.18352701, -0.19346373, 0.26320893;
 -0.1644257, -0.20059589, 0.33650377;
 -0.0012214048, -0.050362505, 0.022669323;
 -0.0063080625, 0.075828262, 0.017764511;
 -0.20297395, -0.1997916, 0.32744685;
 0.025726667, -0.045698974, 0.19821972;
 0.025655473, -0.04585965, 0.19847037;
 0.069020666, 0.067196846, 0.20531961;
 -0.027960485, -0.12271938, 0.030464146;
 -0.072136916, -0.15715176, 0.24756196;
 -0.0090655843, -0.096355774, -0.068191379;
 -0.20328012, -0.19717555, 0.31014714;
 -0.032779563, -0.13913102, 0.00386111;
 -0.21415819, -0.20787421, 0.3664225;
 -0.10686291, -0.17852928, 0.14972727;
 -0.010891258, -0.089784324, 0.14317128;
 -0.18383218, -0.19445707, 0.28262383;
 -0.010301947, -0.087010704, 0.12424369;
 0.0034936797, -0.085720338, 0.21544188;
 -0.011836979, 0.13245597, 0.041127488;
 -0.037071422, -0.1375362, 0.032793462;
 -0.020728407, -0.11458839, 0.22354777;
 -0.24875584, -0.19192573, 0.28323942;
 -0.20991684, -0.19599403, 0.23643869;
 -0.062175035, -0.15069722, 0.11735293;
 -0.005009687, -0.064135678, -0.0020918828;
 -0.10769455, -0.18422651, 0.31559435;
 -0.0017415797, -0.080556564, 0.16868407;
 -0.0018354097, -0.080551729, 0.16732976;
 -0.012004565, -0.087804198, 0.10046215;
 -0.010121161, -0.09952879, 0.20448215;
 0.024674751, 0.12987937, 0.1078802;
 -0.030683, -0.12356653, 0.2223113;
 0.031230092, -0.027574899, 0.18491828;
 -0.045322884, -0.14679979, 0.043141268;
 0.034655306, -0.011862966, 0.17342721;
 -0.22721563, -0.1946352, 0.29762998;
 -0.21451028, -0.20512639, 0.35825557;
 -0.20536071, -0.19777016, 0.21786784;
 -0.24983837, -0.19307131, 0.32166478;
 -0.10484941, -0.21401171, 0.027253598;
 0.070608094, 0.0094245477, 0.24958552;
 0.0051084585, -0.085488997, 0.22129156;
 0.069694817, -0.016209189, 0.27553535;
 -0.14408916, -0.20177147, 0.35232475;
 -0.22012787, -0.21916033, 0.40260568;
 -0.21932775, -0.19474219, 0.25164002;
 -0.01594908, -0.094531961, 0.090433434;
 -0.16010451, -0.21174726, 0.11243591;
 -0.023309948, -0.12117517, 0.00050473248;
 -0.02347693, -0.10690469, 0.092730723;
 -0.20459098, -0.19473137, 0.27162978;
 -0.045664258, -0.13587175, 0.10046417;
 -0.24473035, -0.19739893, 0.343777;
 -0.10327395, -0.1841002, 0.27943313;
 -0.21952574, -0.20502374, 0.35843271;
 0.016640801, 0.024508446, 0.074360654;
 -0.015217166, -0.093528755, 0.094408475;
 -0.21913084, -0.21531592, 0.39147046;
 0.074431725, 0.018460343, 0.2495247;
 -0.1188304, -0.19576472, 0.1020156;
 -0.0016878075, -0.039818753, -0.0053943489;
 -0.01016289, 0.071078539, 0.0047466271;
 0.012761942, -0.093908243, 0.27065149;
 0.019077554, -0.083109386, 0.26024619;
 -0.021423031, -0.12174365, 0.2526924;
 0.039104022, -0.068490833, 0.28008339;
 -0.063489772, -0.1647637, 0.057212505;
 -0.016489414, -0.14887039, -0.09697748;
 -0.014177715, -0.091530025, 0.096851073;
 -0.0074915877, 0.011033028, -0.031053102;
 0.056895636, -0.059710953, 0.30722007;
 -0.0060033263, -0.039849266, -0.057296447;
 -0.16520388, -0.19790888, 0.32238409;
 -0.0025106906, -0.066412196, 0.081761219;
 -0.10116678, -0.18438415, 0.32415685;
 0.0069795549, -0.037784752, 0.078054421;
 0.0091456873, -0.068926185, 0.18572806;
 -0.15951689, -0.19764647, 0.1671838;
 0.06314081, -0.31514409, -0.41526529;
 -0.12075387, -0.19491664, 0.34415391;
 -0.0004644435, -0.012176244, -0.0046316884;
 -0.038682554, -0.14776541, 0.30080855;
 -0.032892436, -0.13104062, 0.25353241;
 -0.037787408, -0.14616591, 0.29855403;
 -0.02862078, 0.082631789, -0.028952552;
 -0.014691336, -0.12622844, -0.072661579;
 0.018642327, -0.068874694, 0.22576211;
 -0.15972322, -0.20745738, 0.3646495;
 -0.085990287, -0.19886582, 0.38095942;
 0.045254268, 0.11719954, 0.14582552;
 0.0091319261, -0.093558319, 0.2587415;
 0.00059094944, -0.034612574, 0.01357031;
 -0.0058676731, -0.10941778, 0.25997683;
 -0.16022111, -0.19720136, 0.32090923;
 -0.15058021, -0.20540214, 0.36198881;
 -0.0091481153, 0.069591351, 0.0062638912;
 -0.0056244587, -0.059316397, -0.05010682;
 -0.0034076013, -0.06843625, 0.082164213;
 -0.026286034, -0.1254289, 0.25069189;
 0.010347573, -0.042953979, 0.11548971;
 -0.025183152, -0.10905518, 0.13435994;
 -0.071390502, -0.19354731, 0.38015005;
 0.053972341, 0.0069550662, 0.21121968;
 -0.24465193, -0.21225473, 0.39628312;
 0.012465577, -0.075670794, 0.22183178;
 0.039175101, 0.039976396, 0.14347218;
 5.9159888e-006, -0.068507567, 0.12457912;
 0.062695578, 0.10208245, 0.18178727;
 -0.020404052, -0.1226202, -0.025239212;
 0.0018411162, 0.099778496, 0.049867108;
 0.0018935428, -0.15813296, 0.38871646;
 -0.026574036, -0.11191087, 0.15879129;
 0.015203974, -0.049735039, 0.16192916;
 -0.032603253, -0.11949581, 0.099987648;
 0.016319171, -0.070712231, 0.22173955;
 -0.00093875523, 0.056988955, 0.020926178;
 0.043214966, 0.046859223, 0.15159597;
 0.026330858, -0.035231456, 0.17992283;
 0.0072504063, -0.030447509, 0.065653428;
 0.10072894, -0.38973802, -0.49537414;
 -0.072251081, -0.15529631, 0.22760849;
 0.014831414, -0.048486751, 0.15657251;
 -0.012985745, 0.097502582, 0.016505504;
 -0.034121033, -0.12992297, 0.044738971;
 -0.0020662257, -0.012051828, -0.014999944;
 -0.083115809, -0.16216762, 0.23607254;
 -0.042114642, -0.12875324, 0.16233519;
 -0.20906787, -0.21339795, 0.38298011;
 -0.034155395, -0.12105631, 0.10581276;
 -0.15926136, -0.19228189, 0.20295966;
 0.0041549173, -0.078896843, 0.19425607;
 -0.056805652, -0.15039876, 0.26416081;
 0.030532803, -0.067220978, 0.25841862;
 -0.0031263048, -0.25871935, -0.23274821;
 -0.070320025, -0.15300454, 0.20955226;
 -0.041888323, -0.13018179, 0.1962738;
 0.021423128, 0.023216516, 0.092696682;
 0.045798566, 0.084074624, 0.14772339;
 0.012455432, -0.10411485, 0.29415038;
 0.00012887786, -0.029640868, 0.014264223;
 0.089371257, -0.37700936, -0.47386482;
 0.071470223, 0.030547764, 0.23308572;
 0.0054142163, -0.041599244, 0.074136667;
 -0.16534668, -0.19164537, 0.23315503;
 -0.031144347, -0.11790802, 0.094585478;
 0.0071089282, -0.032585811, 0.068244494;
 0.039042205, 0.054198831, 0.1370566;
 0.00042265526, -0.038158104, 0.016671566;
 -0.046420194, -0.18273138, 0.38246918;
 -0.2181823, -0.19611037, 0.30679035;
 -0.098467305, -0.18749903, 0.33966851;
 -0.070512317, -0.15273128, 0.17413864;
 0.0040135873, -0.10667711, 0.28037179;
 0.032837529, -0.30874318, -0.33782223;
 0.026777392, -0.074529216, 0.2630806;
 0.13765588, 0.062574171, 0.33248827;
 -0.011877078, -0.13390787, 0.31523713;
 0.0024148708, -0.11546711, 0.2982572;
 0.0033838623, -0.057492916, 0.10733496;
 0.047769845, -0.0020494645, 0.20292909;
 -0.010379533, -0.08526253, 0.0082892496;
 -0.020670118, -0.10232569, 0.11461477;
 0.023505628, -0.026077213, 0.15085568;
 0.038890507, 0.089860268, 0.12062337;
 -0.011606667, 0.024012268, -0.036930338;
 -0.14224854, -0.1987977, 0.1334641;
 -0.036733173, -0.12704785, 0.21004757;
 -0.075986013, -0.16364132, 0.27687937;
 -0.23198025, -0.19388014, 0.28476962;
 -0.13880032, -0.21670623, 0.072267294;
 -0.038206484, -0.19060212, -0.077773176;
 -0.004101065, 0.065331824, 0.017132647;
 -0.011150437, -0.12899508, -0.10085198;
 -0.0037197254, -0.03598623, -0.031044206;
 0.017279174, -0.095359139, 0.28154197;
 -0.060607329, -0.14808296, 0.23040362;
 -0.23142728, -0.21712835, 0.40153253;
 -0.055050712, -0.29136547, -0.15984218;
 -0.10677246, -0.20034924, 0.063904092;
 -0.010134609, 0.038373481, -0.019623989;
 -0.016171733, -0.11227223, 0.23362893;
 -0.0040306034, 0.004782802, -0.018922972;
 0.011457782, -0.017712738, 0.075471088;
 -0.0026703561, 0.003981743, -0.012533374;
 -0.053490456, -0.14152396, 0.12329315;
 -0.007989157, -0.0023267525, -0.043691773;
 0.068234026, -0.038279708, 0.30009651;
 -0.0093322983, 0.087768979, 0.018015539;
 -0.0095640412, 0.06037432, -0.0012717097;
 -0.023343606, -0.10620388, 0.10073466;
 -0.041986171, -0.158282, -0.0048476709;
 0.041881889, -0.036728762, 0.23410019;
 0.018510617, -0.043834325, 0.16361438;
 0.065715648, -0.020633142, 0.27148953;
 0.018394839, 0.009025841, 0.087386213;
 -0.17598622, -0.19458722, 0.28513342;
 -0.18233542, -0.19407903, 0.23287363;
 -0.010240847, -0.083423942, 0.028120799;
 -0.037691761, -0.12830314, 0.2132476;
 -0.0064980919, -0.045683086, -0.066358157;
 -0.040698595, -0.15749998, -0.0085043171;
 -0.059091698, -0.14351206, 0.17186858;
 -0.010500367, -0.13007298, -0.10674004;
 -0.034184817, -0.12001003, 0.1360075;
 -0.036973186, -0.13100289, 0.23501354;
 -0.22460823, -0.19998626, 0.20641735;
 -0.077239938, -0.19277395, 0.02606211;
 0.030442458, -0.076435767, 0.27655736;
 0.049860377, 0.023312243, 0.18416563;
 -0.0067095654, -0.072665818, 0.027162476;
 -0.01672253, -0.097288094, 0.13097207;
 0.046045706, -0.037633087, 0.24677886;
 0.018560715, -0.055876549, 0.19238713;
 0.069787413, 0.065351866, 0.20682947;
 -0.015986372, -0.16078442, 0.37160304;
 0.021082044, -0.047823522, 0.18403067;
 0.015509488, -0.02968199, 0.11787829;
 0.00015187368, 0.072218783, 0.031980999;
 -0.027030975, -0.11212351, 0.156215;
 -0.18630099, -0.19768046, 0.20239237;
 0.026993759, 0.0018775676, 0.1287829;
 0.020415017, -0.026657868, 0.13790615;
 -0.12720409, -0.19186676, 0.13440202