0.1227324, 0.038869396, -0.12837245
 0.067904204, 0.019747674, 0.16606282
 0.13144529, -0.029563619, 0.28607228
 0.13178116, -0.028598847, 0.2838321
 -0.10505804, -0.054493174, 0.17322713
 0.03723073, 0.014561393, 0.17152418
 -0.10375937, -0.053614028, 0.17084524
 0.065511458, 0.020354444, 0.16412723
 0.17758995, -0.0025567072, 0.18164261
 -0.025902603, -0.0057275915, 0.18274896
 0.13545182, 0.025838248, 0.11957449
 0.1476945, 0.033782389, -0.1016182
 0.050425887, 0.036884874, -0.0080528865
 -0.07665322, -0.035153408, 0.1561287
 -0.055344358, -0.018665599, 0.17784053
 0.083083712, 0.037411653, 0.090294547
 0.24246661, -0.047944762, 0.22976686
 0.048606817, 0.016758982, -0.11885619
 0.019118162, 0.013833246, 0.15713209
 0.11249057, 0.046004705, -0.061659396
 0.036679946, 0.0088031525, 0.19160128
 -0.083550975, -0.0409225, 0.15437271
 0.050170831, 0.037482861, 0.022342717
 0.10376523, 0.038631402, -0.13859071
 -0.079926923, -0.036274951, 0.16522352
 0.065592639, 0.026826976, -0.13141415
 0.05141218, 0.022629766, 0.14801863
 0.14477183, 0.034535814, 0.039897814
 0.17400362, 0.021652628, -0.064686038
 0.012812798, 0.01967101, 0.093123168
 -0.003854499, 0.00877974, 0.062313031
 0.20068979, 0.0034087186, 0.00015115555
 0.087181143, 0.033283666, 0.1134067
 0.1355513, 0.041301623, -0.042028408
 0.22040012, -0.060156774, 0.31489971
 0.10360347, 0.04415521, -0.096546501
 0.2331413, -0.038945176, 0.21286771
 -0.078286603, -0.033170279, 0.1770685
 -0.037828956, -0.009751522, 0.174087
 0.27759436, -0.081624471, 0.29216942
 0.1113187, 0.034392968, 0.099230453
 0.0075640571, 0.0071125505, 0.1737446
 0.12299838, 0.035104889, 0.084233463
 -0.048030518, -0.014927854, 0.14875528
 0.2217146, -0.015008968, 0.015371505
 0.12912093, 0.018906435, 0.15005867
 0.12923931, -0.01648883, 0.2601113
 0.085687861, 0.046247303, -0.032569237
 0.22895703, -0.065932237, 0.32226744
 0.20715009, -0.002093154, 0.00097013416
 0.22533783, -0.018183535, 0.062485982
 -0.059970006, -0.025051644, 0.13694403
 -0.10539209, -0.065611951, 0.14784092
 0.22825783, -0.037654556, 0.22442478
 -0.11851606, -0.063670211, 0.18033981
 0.12228594, 0.044740483, -0.059317544
 0.099110566, 0.046674211, 0.00067599007
 0.038232192, 0.01473842, -0.091196142
 0.0050028237, 0.0030654918, 0.18792751
 0.16028161, 0.030624812, -0.009706703
 0.07659249, 0.031088252, 0.12176675
 0.068524659, 0.025323128, 0.14489129
 -0.047837742, -0.015076287, 0.14755499
 0.074449852, 0.024819421, 0.14829087
 0.056012794, 0.021893598, -0.12359919
 0.039582234, 0.020025203, 0.15180504
 0.033586625, 0.017906902, 0.15434147
 0.0042924029, 0.010770281, 0.02947605
 0.10482872, 0.046816014, -0.01313444
 0.040718459, 0.033364583, 0.015077903
 0.0097744735, 0.016410677, 0.1209192
 0.20544253, -0.031782284, 0.24301113
 0.16696616, -0.023066614, 0.25768277
 0.13052757, 0.042647537, -0.036217764
 0.20187546, -0.049202185, 0.29869494
 -0.001012062, 0.011514393, 0.069984265
 0.11275218, 0.035734084, -0.16292469
 -0.096440241, -0.078334622, 0.11086461
 -0.048205782, -0.018050151, 0.12347408
 0.028929273, 0.0060949777, -0.086499095
 0.0072850799, 0.012614959, 0.025322862
 0.026537376, 0.023262993, -0.0047835899
 0.10959331, -0.01002056, 0.24800748
 0.20519769, -0.01780008, 0.19025324
 0.0087481216, 0.016997315, 0.054532435
 0.064686254, 0.042198449, 0.011607108
 0.2136576, -0.0077721425, 0.029318538
 0.11964541, -0.018969469, 0.26570907
 -0.075128332, -0.038988244, 0.1349915
 -0.10492864, -0.079560064, 0.12576041
 0.041085433, 0.030233668, -0.027094726
 0.0040913629, 0.01503338, 0.074022733
 0.045305528, 0.0069056167, 0.20132004
 0.17534925, 0.014071419, 0.099717751
 0.095643878, 0.046932638, -0.016747769
 0.057116583, 0.012946879, 0.18584816
 -0.10001794, -0.072968557, 0.12480703
 -0.053907879, -0.021334117, 0.12960045
 -0.10031389, -0.058016688, 0.15125321
 0.087810755, 0.046444423, -0.0010267568
 0.087909736, -0.0020929484, 0.2303364
 0.097845711, 0.039469291, -0.13165039
 0.050487403, 0.036859937, 0.048240479
 0.034502972, 0.0071777641, -0.10187706
 0.078217953, 0.039747138, 0.072436109
 0.16347013, -0.006099062, 0.21164301
 0.15468439, 0.032979336, -0.0056306231
 0.15760531, 0.029787136, -0.088843837
 0.030836562, 0.028661206, 0.02369104
 0.0070846248, 0.01690207, 0.088635273
 0.17430556, 0.022060234, 0.015291482
 0.040007826, 0.023573592, -0.062547617
 0.12074999, 0.017020753, 0.16704907
 0.069181025, 0.043371238, 0.0035508964
 0.1218335, 0.042855248, 0.020248152
 0.23394787, -0.048659757, 0.25776204
 0.075683124, 0.025454134, 0.14633891
 0.06341888, 0.032166529, -0.10178795
 0.055614114, 0.037872721, 0.056111626
 0.11029314, 0.045228418, 0.011843507
 0.13605051, 0.036863845, -0.11765376
 0.19956008, 0.0025374845, 0.068818003
 0.015030002, 0.019833351, 0.037170857
 0.04779388, 0.022799514, -0.093881592
 -0.096003443, -0.064426757, 0.12984863
 -0.054048494, -0.018973375, 0.14914894
 -0.064064793, -0.04184277, 0.097194515
 0.022295473, 0.018186288, -0.015882665
 -0.004216094, 0.0040787878, 0.034238968
 0.060791612, 0.040954545, 0.020004505
 0.036035001, 0.028589452, -0.013957534
 0.022570148, 0.020800972, 0.1226289
 0.06496238, 0.042328667, -0.00094396085
 0.077235274, 0.014092086, 0.18561669
 0.061286934, 0.04111091, 0.019597318
 0.09782891, 0.046880886, -0.014368137
 -0.085576423, -0.04513219, 0.14671321
 0.1509489, 0.035933848, -0.040477015
 0.046703346, 0.023362866, -0.088143848
 -0.052341033, -0.017922299, 0.1876283
 0.095944285, 0.010429944, 0.19651192
 0.14264572, -0.0047658915, 0.2232265
 -0.039884575, -0.013012785, 0.11143214
 0.095251039, 0.038453173, 0.083461277
 0.091656357, 0.028204551, 0.13565022
 -0.067420334, -0.034266744, 0.12628727
 0.11264062, 0.046122551, -0.015334217
 0.041923068, 0.034185402, 0.029753268
 -0.07665614, -0.052434884, 0.10749461
 0.18348427, -0.001200416, 0.16416782
 0.19806013, -0.01155147, 0.18034635
 -0.0093102725, 0.0078177964, 0.10765026
 0.0024490084, 0.012070768, 0.050079767
 0.098818548, 0.047265179, -0.029099241
 -0.09005256, -0.058360469, 0.12794851
 0.0089670205, 0.015394405, 0.036137287
 -0.068280086, -0.031443123, 0.14083068
 0.023741404, 0.024795655, 0.08791399
 0.054981105, 0.0046161641, 0.21014793
 0.10279749, 0.037889134, 0.085105747
 0.081653967, 0.025792576, 0.14400288
 -0.1288784, -0.069135621, 0.18898153
 -0.034351997, -0.022352824, 0.055269536
 -0.10164434, -0.049523093, 0.17823565
 0.13353705, -0.017121231, 0.25854304
 -0.014564867, -0.18663852, -0.13550267
 -0.10382894, -0.085035115, 0.11684573
 0.26899219, -0.092994303, 0.35713166
 -0.076136954, -0.047481827, 0.11516443
 0.044213913, 0.023303133, -0.079819337
 -0.052040771, -0.017848352, 0.19166376
 -0.015131955, 0.0027170463, 0.15233313
 0.045546047, 0.028782815, -0.05858089
 -0.10785913, -0.070739031, 0.14423102
 -0.064354427, -0.064446233, 0.059603848
 -0.11009572, -0.071938097, 0.14575164
 -0.11511996, -0.061545659, 0.17608167